40.00
44.00
46.00
46.00
56.00
52.00
56.00
38.00
40.00
58.00
60.00
38.00
52.00
36.00
58.00
60.00
64.00
52.00
46.00
56.00
42.00
62.00
56.00
38.00
50.00
40.00
64.00
56.00
36.00
42.00
54.00
68.00
46.00
64.00
46.00
44.00
52.00
36.00
46.00
52.00
50.00
52.00
58.00
42.00
54.00
54.00
46.00
54.00
48.00
48.00
54.00
56.00
54.00
54.00
52.00
46.00
58.00
50.00
46.00
40.00
60.00
56.00
48.00
48.00
60.00
56.00
58.00
64.00
40.00
58.00
44.00
52.00
52.00
52.00
42.00
38.00
50.00
58.00
56.00
48.00
52.00
58.00
40.00
62.00
56.00
44.00
48.00
54.00
54.00
46.00
56.00
50.00
56.00
44.00
52.00
54.00
54.00
50.00
56.00
38.00
32.00
48.00
46.00
32.00
42.00
48.00
52.00
42.00
54.00
50.00
64.00
46.00
58.00
44.00
56.00
48.00
50.00
50.00
48.00
58.00
60.00
38.00
46.00
58.00
60.00
44.00
60.00
30.00
60.00
56.00
58.00
34.00
52.00
50.00
42.00
60.00
54.00
52.00
52.00
52.00
54.00
38.00
36.00
38.00
58.00
44.00
56.00
58.00
52.00
42.00
50.00
48.00
50.00
44.00
56.00
46.00
46.00
44.00
46.00
40.00
64.00
52.00
50.00
56.00
54.00
42.00
40.00
72.00
46.00
54.00
56.00
52.00
58.00
38.00
58.00
62.00
42.00
58.00
68.00
62.00
38.00
46.00
42.00
54.00
46.00
42.00
46.00
62.00
48.00
50.00
38.00
50.00
44.00
42.00
62.00
42.00
58.00
48.00
34.00
50.00
40.00
58.00
54.00
52.00
42.00
50.00
50.00
54.00
56.00
46.00
56.00
56.00
56.00
52.00
46.00
48.00
56.00
56.00
46.00
60.00
46.00
38.00
50.00
38.00
62.00
58.00
60.00
40.00
50.00
58.00
54.00
56.00
52.00
38.00
46.00
42.00
48.00
42.00
42.00
46.00
46.00
48.00
52.00
52.00
64.00
54.00
42.00
28.00
50.00
46.00
62.00
52.00
34.00
46.00
54.00
60.00
42.00
60.00
68.00
64.00
62.00
54.00
62.00
60.00
56.00
56.00
60.00
50.00
56.00
60.00
62.00
52.00
62.00
36.00
52.00
54.00
52.00
54.00
60.00
48.00
46.00
46.00
62.00
50.00
56.00
58.00
48.00
36.00
54.00
42.00
50.00
56.00
52.00
50.00
52.00
40.00
46.00
48.00
50.00
50.00
50.00
48.00
40.00
50.00
58.00
48.00
50.00
52.00
52.00
52.00
50.00
54.00
60.00
58.00
54.00
46.00
70.00
42.00
26.00
58.00
58.00
46.00
46.00
56.00
52.00
66.00
42.00
54.00
44.00
56.00
52.00
48.00
52.00
58.00
54.00
40.00
50.00
62.00
52.00
48.00
54.00
50.00
62.00
44.00
50.00
34.00
42.00
58.00
54.00
62.00
36.00
58.00
56.00
62.00
54.00
40.00
46.00
54.00
46.00
64.00
58.00
50.00
40.00
52.00
40.00
42.00
54.00
56.00
54.00
50.00
44.00
62.00
50.00
42.00
50.00
50.00
50.00
48.00
52.00
54.00
44.00
36.00
44.00
62.00
48.00
50.00
46.00
52.00
50.00
50.00
60.00
50.00
44.00
52.00
58.00
46.00
46.00
60.00
52.00
50.00
50.00
38.00
42.00
44.00
54.00
56.00
58.00
42.00
36.00
54.00
60.00
46.00
40.00
58.00
58.00
50.00
46.00
56.00
36.00
42.00
48.00
46.00
